,0,1,2,3,4,5,6,7,8,9,10,11,12,13,14,15,16,17,18
0,0.8936865319844044,4.152632876037131,51.046926046926046,36.26958148234744,4.849319742936764,1.0894223660181108,0.7614582082667188,0.09289158225328438,0.03459737502290693,0.08973200462562164,0.026856409835133238,0.056398460653779806,0.13491396470119874,0.06556123577400173,0.08341284937029618,0.09557722323679771,0.14075918331237477,0.11627245669798861,3
1,31.81357591330749,1.6839883451487827,0.11069814394200105,0.1183456841107058,0.014912703328974236,0.03135491469168941,0.015486268841627088,0.037855323835088446,0.022177866489243733,0.0353698732802594,0.004206147092787605,0.0022942620506114205,0.010515367731969013,0.0036325815801347494,0.022942620506114206,1.0712291891313157,10.598534731303676,54.402880063627535,1
2,0.6687246048948177,21.6265189669445,56.851544085586646,18.350826861465162,1.8260778899076773,0.2807284722178339,0.106319787170851,0.04439206566866142,0.026066515428217557,0.06524527801123546,0.009636711764371338,0.01627182478246308,0.03586120607397203,0.012796289392034072,0.010268627289903886,0.021959064512256002,0.02480268437715246,0.021959064512256002,3
3,32.370864222413985,37.00123451346942,18.583364301145703,2.4298185391170706,0.18706658184635347,0.07526753040619272,0.027398640775476008,0.06125328311298948,0.027871031133673875,0.14833057247412876,0.07101601718241196,0.08597504519201093,0.06991377301328361,0.02015532194977546,0.03763376520309636,0.04377483985966857,0.05117562213810175,8.70788639956666,2
4,0.5390769831203044,0.5091089026107076,15.122555510642153,63.1572069748965,14.307841880044046,3.843929024434439,1.9972331795436489,0.10593367994090015,0.05575456838994745,0.048959480367422606,0.024566856696820596,0.037111634584558774,0.10959257349149046,0.017597535648077166,0.02404415761816484,0.05871652983566341,0.027180352090099384,0.013590176045049692,3
5,36.929273715570616,39.0473146182771,21.326692574653425,0.589543167030932,0.02314712755169525,0.0042515132237807614,0.003621659412850277,0.03763376520309636,0.01905307778064711,0.16250228322006463,0.03763376520309636,0.02928820220826746,0.03464195960117657,0.011652295502213937,0.013069466576807524,0.03574420377030491,0.03952332663588781,1.655413278578042,2
6,25.087358420691753,20.509887176553846,43.85374385374385,3.412020078686745,0.19616686283352952,0.057383390716724055,0.018333351666685,0.016683350016683352,0.0157666824333491,0.032816699483366144,0.007700007700007701,0.0080666747333414,0.007333340666674,0.0027500027500027497,0.0062333395666729,0.02291668958335625,0.01925001925001925,6.725590058923392,2
7,27.849644516311184,29.436762770096102,36.46833646833647,1.1231011231011232,0.057566724233390903,0.0121000121000121,0.005500005500005499,0.013383346716680051,0.0121000121000121,0.046933380266713606,0.01521668188334855,0.011366678033344702,0.00861667528334195,0.0051333384666718,0.00715000715000715,0.0143000143000143,0.011000011000010999,4.901788235121568,2
8,33.2639969263134,34.887130197081255,19.752058047327214,2.058519717573551,0.2815446534859259,0.12014461443498962,0.06566225978950287,0.06881152884415528,0.03432703269571132,0.32925607966391,0.05589952572008037,0.03700391139216588,0.03212254435745464,0.01858068742244925,0.012124685860411799,0.0713309440878772,0.06739435776956168,8.844092286180377,2
9,20.20499231422213,2.0627327720038853,0.46860302383738267,0.46038191815602514,0.03135491469168941,0.03976720887726463,0.01319200679101567,0.07915204074609401,0.05659179724841505,0.10935982441247773,0.012427252774145196,0.01797171939645613,0.02638401358203134,0.02504569405250801,0.07704896719970021,5.911166173400326,24.477099440964814,45.92672891764364,1
10,0.08816191126660441,0.5023138145881828,9.859150021604895,41.850947130730525,23.508913761621343,15.32379465592462,8.013673807897634,0.6821222976457634,0.013590176045049692,0.028574216299848066,0.013067476966393933,0.009408583415803633,0.018120234726732923,0.01986256498891878,0.013241709992612519,0.03867973182052604,0.006969321048743431,0.009408583415803633,3
11,0.5390769831203044,0.5091089026107076,15.122555510642153,63.1572069748965,14.307841880044046,3.843929024434439,1.9972331795436489,0.10593367994090015,0.05575456838994745,0.048959480367422606,0.024566856696820596,0.037111634584558774,0.10959257349149046,0.017597535648077166,0.02404415761816484,0.05871652983566341,0.027180352090099384,0.013590176045049692,3
12,26.19225151230107,2.021436055092879,0.20610120754659264,0.21241042818577405,0.027722333111554667,0.027531144607337053,0.018927661917544223,0.037855323835088446,0.030398972170601328,0.11146289795887153,0.008221105681357591,0.02160430097659088,0.022177866489243733,0.005926843630746171,0.043399790457399376,2.5349683774214027,21.533370041526144,46.94423413708981,1
13,33.74268582262057,32.4694363438246,26.389929897270846,4.2897768427947875,0.19037331435373853,0.06723689431682907,0.02377698136262573,0.014486637651401109,0.01873815087518187,0.09510792545050292,0.011022441691283453,0.0083455629948289,0.003779122865582898,0.0007873172636631038,0.0014171710745935868,0.007085855372967934,0.007873172636631039,2.658140545579371,2
14,34.515451854910864,6.018040547257974,0.3385948409694022,0.2491186209955568,0.027913521615772284,0.02848708712842514,0.010515367731969013,0.037664135330870825,0.02733995610311943,0.08297581083044639,0.005735655126528552,0.009368236706663303,0.027722333111554667,0.041487905415223195,0.11165408646308914,0.6144798525554255,7.471073179311874,50.382377008435235,1
15,18.482585149251815,26.476476476476478,43.51586018252685,3.1164864498197833,0.22091688758355424,0.0447333780667114,0.020716687383354054,0.021816688483355152,0.02145002145002145,0.0645333978667312,0.013016679683346348,0.0139333472666806,0.0139333472666806,0.007333340666674,0.015950015950015946,0.1554668221334888,0.25135025135025135,7.543440876774211,2
16,18.482585149251815,26.476476476476478,43.51586018252685,3.1164864498197833,0.22091688758355424,0.0447333780667114,0.020716687383354054,0.021816688483355152,0.02145002145002145,0.0645333978667312,0.013016679683346348,0.0139333472666806,0.0139333472666806,0.007333340666674,0.015950015950015946,0.1554668221334888,0.25135025135025135,7.543440876774211,2
17,0.7690411945731095,5.504774121795398,62.329619776428295,26.68610860100222,2.8245044202491014,0.6486612869591594,0.5233840340223319,0.07725167299635384,0.04518196007557709,0.07377613760592484,0.021959064512256002,0.053396861907500204,0.10584585052670159,0.039968656989933585,0.05876814387452686,0.07251230655485974,0.0951032865926483,0.0701426233341127,3
18,25.19478229103025,38.59444972821808,11.150616941807806,1.2521493761298004,0.25383108580498465,0.13935515566836937,0.06912645574962051,0.07526753040619272,0.056529379531010844,0.17777623813512886,0.09353329092317673,0.09526538890323556,0.0773145552917168,0.03826361901402685,0.039365863183155186,0.11274383215655646,0.2815446534859259,22.29808461456096,2
19,9.72002355442372,4.104052431535396,0.549093384113,0.17857006293925562,0.02638401358203134,0.0332667997338656,0.009177048202445682,0.12197826569084054,0.0632833948960317,0.2837237402589457,0.032119668708559895,0.08068154877983497,0.44718991136500946,0.4647792537530303,1.7560664112388251,28.58841703566048,40.26123997216296,13.279953502955776,1
20,3.611505767332097,1.5648453616522584,3.014303946829773,3.9213443462486253,1.5375538806077975,2.4995785874250482,2.564195182250905,8.979499281591895,7.675729043754666,23.489737600436662,33.071254846244614,3.7317086875205687,1.28249893643493,0.269302702659314,0.3590033793275058,0.4774002456233294,0.49646414782350434,1.4540740562365049,0
21,0.49778375590649954,1.1375674281811465,26.28235507296879,24.99738650460672,20.158412667437936,15.273789777399886,10.00620269573338,1.4166887361833211,0.017946001700514337,0.023695691565727667,0.00784048617983636,0.013764409071268278,0.03258157590287555,0.012719010913956762,0.01149937973042666,0.05139874273448281,0.025786487880350695,0.03258157590287555,3
22,17.824313059704348,2.1615772286843935,0.12886105184267482,0.16499567913980467,0.018545284909108985,0.025810448069378485,0.008221105681357591,0.029251841145295616,0.025810448069378485,0.043590978961617,0.008029917177139974,0.019501227430197075,0.05831249378637361,0.06481290292977264,0.19711534784836457,1.298169943637629,18.65808612659738,59.26499491438579,1
23,20.311101934062908,1.6050274929069064,0.25925161171909056,0.2923272229487386,0.02523688255672563,0.03192848020434227,0.011088933244621867,0.046076429516446034,0.018736473413326606,0.12541965876675765,0.006500409143399026,0.008985859698228064,0.01797171939645613,0.011280121748839488,0.04664999502909889,3.3433133732534928,23.610633139850567,50.22847026254006,1
24,3.477055088657179,1.265441760782142,2.4064664756262997,4.2183398752618775,2.3053274576380023,2.9252052881257975,2.565800563488814,5.996299596246618,6.86079739286087,20.37870943402285,36.0923816633355,4.395132484086658,1.2401570062850675,0.27030606593300743,0.40355270867949367,0.43425562485451236,1.6573554554867915,3.1074160586285227,0
25,16.649842078295517,2.1231483393366526,0.1516124838445714,0.14281781265056095,0.01586864585006233,0.03403155375073608,0.015677457345844706,0.060797944341202656,0.028104710119989905,0.1298169943637629,0.006309220639181407,0.027913521615772284,0.07418113963643594,0.0801079832671821,0.2795175931661581,2.38985630272023,23.33780714433203,54.45258907472411,1
26,0.06464045272709533,0.1789373179264876,1.8918221986814046,40.7989281184227,19.999512147526588,18.538393989657525,15.413350431400971,2.876238796816414,0.05906499588810058,0.017423302621858577,0.0029619614457159584,0.0060981559176505025,0.03171041077178261,0.028399983273629484,0.016726370516984237,0.04878524734120402,0.01568097235967272,0.011325146704208077,3
27,0.1190011569072941,0.2941053482569728,9.077017966909663,66.22719289686799,17.81323613453577,3.6684763670323237,2.5662782431735502,0.088336144292823,0.024566856696820596,0.02299875946085332,0.005575456838994745,0.01620367143832848,0.02979384748337817,0.008537418284710704,0.00540122381277616,0.011847845782863834,0.018120234726732923,0.0033104274981531298,3
28,2.2884709546399535,0.06060314173108259,0.6682399402798179,1.5299283197277271,0.6778722277072748,0.6818856808020485,0.9682455591141507,1.6429070243456065,5.086249107006687,28.157383549658455,51.64090029779822,3.0991884797842366,0.7240269382971721,0.4784036088970228,0.5087051797625641,0.5060964352509612,0.9732623754826177,0.3076311797144027,0
29,0.21622318553726494,0.34062556625733525,15.729757607013926,62.46201720028434,15.339127162231854,3.966589074892324,1.5271524748059044,0.08885884337147876,0.026134953932787867,0.02160489525110464,0.011673612756645248,0.02317299248707191,0.09199503784341329,0.020385264067574533,0.028399983273629484,0.053315306022887254,0.04442942168573938,0.008537418284710704,3
30,9.870297718738769,0.35847844540803453,0.08546126138527543,0.07532827066174165,0.015103891833191855,0.030398972170601328,0.026957579094684197,0.17302559631694464,0.19386514327666507,0.44049831371739284,0.05754773976950314,0.10534486582390774,0.2213962878840021,0.23955919578467585,0.762077377811427,20.05643884644504,32.13668448543526,35.15153600844288,1
31,0.40979607766611376,0.17963425003136194,1.833105668845741,40.67191224230936,21.30434328087758,18.290983092427137,14.530860153603836,2.588231604477092,0.03606623642724725,0.025438021827913524,0.002439262367060201,0.009408583415803633,0.03136194471934544,0.013938642097486862,0.006446621970087674,0.04756561615767392,0.011325146704208077,0.0071435540749620165,3
32,14.134948493816962,1.135850903556871,0.25925161171909056,0.2737819380396295,0.03020778366638371,0.025810448069378485,0.007838728672922353,0.14836227927287188,0.036517004305565114,0.17340797332537988,0.010132990723533776,0.01911885042176184,0.04492929849114032,0.030590160674818945,0.14931822179395998,4.764417525103051,28.763354517019604,49.99216127132707,1
33,18.302184968851638,23.52022352022352,47.64269764269764,2.4858191524858193,0.07975007975007975,0.0139333472666806,0.006783340116673451,0.00788334121667455,0.011733345066678402,0.027133360466693804,0.006783340116673451,0.0053166719833386495,0.007333340666674,0.003666670333337,0.00935000935000935,0.18736685403352069,0.37546704213370885,7.30657397324064,2
34,1.6290606111686372,0.15451794414878672,0.7755998105650139,2.06331623602315,0.9319238086064489,1.0286480281904944,1.699095367672438,3.078117851036675,6.8618007561345635,25.72422761095191,48.67375442483204,3.3418017193633056,0.6814843354925711,0.25706167072025427,0.43144620768817077,0.565896886363089,0.531581862402774,1.5706648686396802,0
35,25.19478229103025,38.59444972821808,11.150616941807806,1.2521493761298004,0.25383108580498465,0.13935515566836937,0.06912645574962051,0.07526753040619272,0.056529379531010844,0.17777623813512886,0.09353329092317673,0.09526538890323556,0.0773145552917168,0.03826361901402685,0.039365863183155186,0.11274383215655646,0.2815446534859259,22.29808461456096,2
36,0.08537418284710703,0.3746010063699594,4.266966812093166,38.46246323683147,19.99898944844793,17.582900073874804,15.977342737270535,2.9971565170121126,0.04599751892170664,0.017597535648077166,0.0029619614457159584,0.005052757760338988,0.031013478666908272,0.021256429198667465,0.024915322749257767,0.05958769496675634,0.03658893550590301,0.009234350389585045,3
37,0.10140362125921693,0.3834868907071073,14.822874705546186,40.421016684554594,19.29125489594804,15.542631336855164,8.34070919810992,0.9070571344939576,0.027180352090099384,0.004007359603027473,0.0012196311835301005,0.0034846605243717154,0.026309186959006456,0.008363185258492119,0.013415943018831105,0.044255188659520786,0.044952120764395136,0.016377904464547063,3
38,0.17475572529724154,0.34707218822742286,20.06345566814881,60.405370558800165,13.585645986368007,3.3360397530072623,1.3320114854410883,0.1395606540010872,0.06795088022524845,0.08554841587332562,0.06167849128137936,0.10889564138661612,0.14565880991873772,0.03571777037481008,0.01846870077917009,0.060981559176505024,0.01707483656942141,0.014112875123705449,3
39,0.14583304294495633,0.46659604421337275,3.010572460030944,44.579610554339794,19.632925860362686,14.47022706047977,12.740964275260305,4.627106477286982,0.14513611084008196,0.028748449326066655,0.0034846605243717154,0.004355825655464644,0.020559497093793126,0.013938642097486862,0.012196311835301005,0.0477398491838925,0.029271148404722416,0.02073373012001171,3
40,0.19653485357456477,0.8418939826882066,27.34204033843023,57.826024838660224,8.503442844598078,3.3525918904980276,1.4107648132918893,0.09391160113181773,0.047391383131455335,0.04111899418758625,0.02299875946085332,0.03606623642724725,0.08676804705685572,0.028748449326066655,0.03171041077178261,0.07143554074962016,0.03606623642724725,0.030490779588252512,3
41,33.2639969263134,34.887130197081255,19.752058047327214,2.058519717573551,0.2815446534859259,0.12014461443498962,0.06566225978950287,0.06881152884415528,0.03432703269571132,0.32925607966391,0.05589952572008037,0.03700391139216588,0.03212254435745464,0.01858068742244925,0.012124685860411799,0.0713309440878772,0.06739435776956168,8.844092286180377,2
42,22.536727311660208,5.528215599452436,1.115776110614021,0.4190852012450195,0.022942620506114206,0.02485450554829039,0.010324179227751393,0.04282622494474652,0.02542807106094325,0.044546921482705094,0.008029917177139974,0.014912703328974236,0.059842001820114565,0.07150450057738929,0.1944387087893179,1.9495491775070548,15.892735601593749,52.03826064346403,1
43,0.06464045272709533,0.1789373179264876,1.8918221986814046,40.7989281184227,19.999512147526588,18.538393989657525,15.413350431400971,2.876238796816414,0.05906499588810058,0.017423302621858577,0.0029619614457159584,0.0060981559176505025,0.03171041077178261,0.028399983273629484,0.016726370516984237,0.04878524734120402,0.01568097235967272,0.011325146704208077,3
44,0.4489759808908745,25.817698690039116,59.96546581652965,12.568325866198206,0.8134332602417709,0.10584585052670159,0.04834153770323983,0.01627182478246308,0.01832555024044386,0.06840485563889818,0.016587782545229354,0.01532395149416426,0.01579788813831367,0.0069510707808580156,0.007898944069156835,0.018167571359060723,0.014218099324482304,0.033965459497374395,3
45,34.558976361586474,33.11976040361032,25.759288769076697,3.698973968141994,0.1683284309711716,0.05526967190914989,0.02267473719349739,0.013069466576807524,0.00803063608936366,0.09904451176881846,0.025351615889951946,0.008817953353026762,0.011494832049481315,0.0028343421491871736,0.003779122865582898,0.023619517909893115,0.02314712755169525,2.3975385313068838,2
46,0.22371520566466416,0.34341329467683257,19.542847385807676,61.042889201733956,13.178289171068956,3.4818727959522184,1.368251954894554,0.14600727597117488,0.08607111495198137,0.09199503784341329,0.053315306022887254,0.06795088022524845,0.19339865910263024,0.04460365471195796,0.03083924564068968,0.06899627838255998,0.014984040254798377,0.020559497093793126,3
47,20.269170269170267,33.16118316118316,36.98203698203698,2.3607856941190275,0.161333494666828,0.042166708833375505,0.01191667858334525,0.020716687383354054,0.013566680233346902,0.10083343416676749,0.013750013750013751,0.01191667858334525,0.013566680233346902,0.008800008800008799,0.019066685733352403,0.190666857333524,0.3655670322336989,6.252956252956253,2
48,0.5132904952399537,0.24235813947005283,9.194102560528552,70.10352926417907,13.89839426843037,3.299450817501359,2.164496884713491,0.15001463557420236,0.03449813919127999,0.05505763628507311,0.017249069595639994,0.050179111550952706,0.13050053663772077,0.028051517221192313,0.01846870077917009,0.06342082154356522,0.025786487880350695,0.01115091367798949,3
49,22.536727311660208,5.528215599452436,1.115776110614021,0.4190852012450195,0.022942620506114206,0.02485450554829039,0.010324179227751393,0.04282622494474652,0.02542807106094325,0.044546921482705094,0.008029917177139974,0.014912703328974236,0.059842001820114565,0.07150450057738929,0.1944387087893179,1.9495491775070548,15.892735601593749,52.03826064346403,1
50,11.04782771621508,2.902432682527665,0.640290300624804,0.28773869884751574,0.03900245486039415,0.04951782259236316,0.03269323422121275,0.15696576196266468,0.10610961984077821,0.22904382805270684,0.04091433990257034,0.10018277621003203,0.21871964882495545,0.3961425807389053,0.7985943821169921,12.062847485106415,37.73028655333012,33.160690114024824,1
51,2.533492266075886,0.29779821963220715,1.0647691060434579,1.829733265907321,0.9786805371605621,1.199821802682592,1.4346088087268525,2.8090158210320997,5.303577592088681,26.342901405511274,44.01453672710927,5.333678490299484,1.5596278726290527,0.5201435210826691,0.5269663913437844,0.895602058098747,1.4324014095247268,1.922644705051332,0
52,0.5237444768130689,0.2918403189161312,9.383145393975719,69.50381918793472,14.221248066013409,3.5161967021172797,1.9954908492814627,0.12736434216578618,0.04843678128876685,0.06028462707163069,0.028748449326066655,0.05122450970826422,0.12475084677250742,0.02404415761816484,0.01933986591026302,0.04826254826254826,0.01777176867429575,0.014287108149924033,3
53,29.99836238009158,31.24263858358475,28.982723109966177,5.7367085099548385,0.08235338577916065,0.017478443253320902,0.007558245731165796,0.022359810288032148,0.018895614327914492,0.1031385615398666,0.03007551947193057,0.0371613748448985,0.04897113379984506,0.02487922553175408,0.02078517576070594,0.04660918200885575,0.032437471262919876,3.546864272802283,2
54,18.19970153303487,22.080688747355413,48.5333318666652,3.3718700385367053,0.07791674458341125,0.0143000143000143,0.006600006600006599,0.01631668298334965,0.0143000143000143,0.05628338961672295,0.01191667858334525,0.007516674183340849,0.0053166719833386495,0.0038500038500038506,0.005866672533339201,0.15455015455015453,0.31808365141698475,7.121590454923789,2
55,0.06481468575331392,0.06725394812037411,1.3140654837405739,36.97433895989853,19.733806782543244,16.716787700542216,17.879618917525054,7.014621635560264,0.12196311835301005,0.02317299248707191,0.004007359603027473,0.007492020127399189,0.028574216299848066,0.013241709992612519,0.0033104274981531298,0.014809807228579792,0.008363185258492119,0.009757049468240804,3
56,27.77136110469444,32.681766015099356,34.4384677718011,2.031335364668698,0.13401680068346736,0.033366700033366704,0.01155001155001155,0.011000011000010999,0.015950015950015946,0.06801673468340134,0.01118334451667785,0.009533342866676201,0.01045001045001045,0.00605000605000605,0.0053166719833386495,0.026950026950026948,0.01081667748334415,2.7228693895360565,2
57,0.04965641247229695,0.4054402520106491,14.596371771462024,40.711114673208534,23.88508286522727,14.489741159416248,5.434502320783909,0.31902067100623055,0.0022650293408416153,0.01080244762555232,0.0022650293408416153,0.0071435540749620165,0.01777176867429575,0.01568097235967272,0.0066208549963062595,0.02439262367060201,0.017249069595639994,0.004878524734120402,3
58,14.44754169821277,3.0945771292663715,0.38925979458707105,0.36211102698816927,0.04014958588569986,0.04684118353331651,0.01911885042176184,0.05544466622310933,0.028104710119989905,0.13517027248185623,0.014721514824756617,0.03173729170012466,0.08737314642745161,0.18908543067122463,0.3015042711511842,4.928839638730202,33.50922675721354,42.3191930315614,1
59,31.15952004037901,2.852723671431084,0.8052859797646087,0.49613416844471975,0.03460511926338893,0.03900245486039415,0.01816290790067375,0.04645880652488127,0.043590978961617,0.10324179227751394,0.01586864585006233,0.02007479294284993,0.02619282507781372,0.008603482689792828,0.024280940035637535,1.2736978150977738,15.145762115615511,47.886793462882665,1
60,28.429081610158285,36.77653416641998,27.09820050766217,2.5899588705461465,0.10770500166911261,0.03007551947193057,0.010550051333085592,0.04991591451624078,0.030232982924663185,0.15084998771785066,0.04408976676513381,0.05889133132200016,0.05952118513293064,0.024249371720823597,0.02251727374076477,0.05054576832717127,0.05542713536188251,4.411653555209836,2
61,19.777653110986442,28.17616150949484,41.52100818767485,1.7810851144184479,0.06563339896673229,0.040333373666707,0.01045001045001045,0.03391670058336725,0.03428336761670094,0.12961679628346295,0.03135003135003135,0.01888335221668555,0.03501670168336836,0.0143000143000143,0.019800019800019802,0.19268352601685934,0.3509003509003509,7.7669244335911,2
62,0.17475572529724154,0.34707218822742286,20.06345566814881,60.405370558800165,13.585645986368007,3.3360397530072623,1.3320114854410883,0.1395606540010872,0.06795088022524845,0.08554841587332562,0.06167849128137936,0.10889564138661612,0.14565880991873772,0.03571777037481008,0.01846870077917009,0.060981559176505024,0.01707483656942141,0.014112875123705449,3
63,16.5658332324999,18.756668756668756,48.76854876854877,8.402358402358402,0.1972668639335306,0.03245003245003245,0.00605000605000605,0.01228334561667895,0.005683339016672351,0.02731669398336065,0.004400004400004399,0.00605000605000605,0.006600006600006599,0.00348333681667015,0.0091666758333425,0.18351685018351685,0.29131695798362467,6.721006721006721,2
64,0.6605097030628946,5.031469393171521,61.8386214130895,27.575687682070658,3.1352488799297307,0.5804144102016443,0.5573494935197063,0.07361815872454171,0.031121839632477926,0.054186756314415885,0.031121839632477926,0.05071122092398688,0.0654032568926186,0.04376015014312887,0.057346333942078616,0.06635113018091741,0.0748819897756068,0.07219634879209347,3
65,7.589992428935233,2.251244637162457,0.5863751424354356,0.14339137816321382,0.02733995610311943,0.039576020373047006,0.022560243497678975,0.1321112564143743,0.15218604935722424,0.502061012075466,0.11777211859805294,0.21757251779964973,0.6085530089246795,0.6272894823380061,1.822600010706556,27.090072728107003,43.61334801661046,14.455953992398346,1
66,5.348363234798566,0.3794014835024299,2.0238805727764717,2.444084463011908,1.5178089310581426,1.581144010166092,1.3956047079075469,1.707408174285146,2.419318823104312,10.086517342037848,50.93825235781072,10.1250867812382,2.4576852652562433,0.6368017409026873,0.7214515100950432,0.919982623452655,2.697221782395284,2.599986196200707,0
67,25.256758590091923,20.809270809270807,39.14280580947247,6.875923542590209,0.5186505186505186,0.18608351941685275,0.07058340391673726,0.0326333659666993,0.02035002035002035,0.05701672368339035,0.017600017600017597,0.0124666791333458,0.012833346166679499,0.004216670883337549,0.01228334561667895,0.044550044550044555,0.06618339951673284,6.859790193123526,2
68,0.8644604389285241,6.075393841351288,62.15805471124621,26.03112815878773,2.907285354093865,0.6515049068240557,0.5497665072133158,0.08515061706551068,0.04012663587131672,0.09415541330434948,0.029858008581412833,0.05071122092398688,0.1045820194756365,0.04881547434738924,0.05624048177239666,0.06856283452028132,0.0998426530341424,0.084360722658595,3
69,27.408560972998167,30.342577487765087,28.583710720741713,6.982401884522603,0.21493761298002734,0.044719620576064295,0.023462054457160493,0.0333822519793156,0.013069466576807524,0.09290343711224625,0.05070323177990389,0.07936158017724086,0.11872744336039606,0.03999571699408567,0.03731883829763112,0.06912645574962051,0.08707728936113927,5.777963934570786,2
70,0.49778375590649954,1.1375674281811465,26.28235507296879,24.99738650460672,20.158412667437936,15.273789777399886,10.00620269573338,1.4166887361833211,0.017946001700514337,0.023695691565727667,0.00784048617983636,0.013764409071268278,0.03258157590287555,0.012719010913956762,0.01149937973042666,0.05139874273448281,0.025786487880350695,0.03258157590287555,3
71,3.123269198352879,0.4440885849367079,1.3214294314542345,2.2120146731845143,1.8688644335813647,1.8002343856607348,1.7641133078077718,2.245928351835352,3.373307326157279,16.271742882140934,44.981578250294994,11.831659723392812,2.2049911302686604,0.7573385989837936,0.6379383694142766,1.218885704882767,2.1821144476284506,1.7605012000224751,0
72,33.2639969263134,34.887130197081255,19.752058047327214,2.058519717573551,0.2815446534859259,0.12014461443498962,0.06566225978950287,0.06881152884415528,0.03432703269571132,0.32925607966391,0.05589952572008037,0.03700391139216588,0.03212254435745464,0.01858068742244925,0.012124685860411799,0.0713309440878772,0.06739435776956168,8.844092286180377,2
73,3.052060623038541,0.45694635599998373,2.01677567608167,2.5177723915894266,1.7112651182051812,1.504208128813807,1.3353145845259409,1.976785257542355,2.574814562196266,13.634499754373572,49.910072307548646,10.015265378041402,2.2999565586316377,0.552963959904023,0.6286818589657707,1.0521337019759733,2.3478638620594454,2.412619920506356,0
74,9.021038521122803,2.5637938369414277,3.842279320281584,5.883521564283479,2.4939597530923656,2.7375763559451283,2.5607837471203476,5.27789149228213,5.205448663921464,14.562212536422088,33.310857996002596,5.6908758157343415,2.880455286119071,0.5420168404491857,0.5319832077122516,0.5101098883457349,0.7996805291336561,1.5855146450903428,0
75,30.82976941051982,40.92223194996441,16.73364112189561,0.668432356849975,0.06345777145124616,0.03086283673559367,0.011652295502213937,0.042515132237807604,0.043302449501470705,0.19305019305019305,0.05212040285449747,0.05999357549112851,0.07385035933159914,0.030547909830128422,0.03353971543204822,0.054639818098219405,0.07007123646601625,10.086321464788023,2
76,0.402129824512496,0.08293492048004684,1.6419720390839525,36.51506070278633,23.42458497693155,20.039063044478205,15.275357874635855,2.317647714759628,0.04669445102658099,0.03972512997783756,0.008188952232273531,0.01115091367798949,0.028399983273629484,0.019514098936481608,0.017597535648077166,0.09408583415803633,0.025786487880350695,0.010105515520677975,3
77,24.461947382012635,29.96167339560488,26.018473612274594,4.359375688902605,0.11841251645493081,0.027241177322743393,0.011809758954946558,0.031492690546524156,0.019682931591577593,0.1289625677880164,0.0417278149741445,0.11668041847487197,0.16344706393646033,0.0371613748448985,0.023619517909893115,0.08628997209747617,0.3642129661705518,14.027789150138252,2
78,43.00632451571952,3.8629637277169797,0.340697914515796,0.41009934154679145,0.04206147092787605,0.03594343879291226,0.017589342388020894,0.04091433990257034,0.02638401358203134,0.06366577190446693,0.0026766390590466575,0.0043973355970052235,0.011088933244621867,0.0003823770084352368,0.01797171939645613,0.7049120150503589,9.926889515987183,41.48503758765993,1
79,0.8432912688231837,7.567188418252248,62.784914912574486,22.342321278491493,3.9981295300444235,1.0211754892605955,0.678361316659189,0.08846817357455655,0.04123248804099868,0.0938394555415832,0.03712503712503712,0.06650910906230055,0.09936871638999298,0.039178762583017904,0.057346333942078616,0.05987399604420881,0.08815221581179028,0.09352349777881694,3
80,0.48847070123665864,18.382738595504556,63.21509140658077,15.952233505424998,1.3072752434454562,0.2489747170598234,0.12085384425809957,0.048973453228772376,0.024328747733003052,0.03538726942982262,0.011216500578202705,0.01532395149416426,0.021959064512256002,0.006161176373942331,0.009320754001605066,0.026698430953750102,0.043918129024512004,0.041074509159615545,3
81,0.17440725924480438,0.5214794474722273,27.53665862871639,60.00306650126145,7.076125893815425,3.382385737981406,0.9696067909064299,0.062026957333816544,0.019688331962700197,0.028399983273629484,0.01080244762555232,0.03293004195531271,0.03536930432237292,0.01899139985782585,0.018294467752951505,0.04251285839733493,0.04233862537111635,0.024915322749257767,3
82,0.35513652534929135,29.955007614582087,60.75915171659853,7.988202137138307,0.4592446081807784,0.084360722658595,0.021643106749489726,0.043128234617596316,0.014060120443099166,0.09620913876233025,0.022590980037788547,0.018009592477677586,0.017061719189378766,0.012164373866501526,0.010268627289903886,0.04802557994047355,0.04802557994047355,0.047709622177707287,3
83,0.18259621147707789,0.49900338709002967,27.630221763795774,59.25804608115078,7.659109599542812,3.3400471126102897,1.0143846786446065,0.056103034442384625,0.022824526434634736,0.021256429198667465,0.011325146704208077,0.024915322749257767,0.06673124904171836,0.02073373012001171,0.04373248958086503,0.06028462707163069,0.06655701601549978,0.022127594329760393,3
84,0.16221094740950337,0.2392219449981183,8.164908074655367,71.21409057329635,14.385898275789973,3.6446064424403777,1.7580112345455305,0.09704779560375229,0.028748449326066655,0.04199015931867918,0.01846870077917009,0.04059629510893049,0.11081220467502056,0.015855205385891306,0.012196311835301005,0.043906722607083615,0.013241709992612519,0.008188952232273531,3
85,0.7352337139571182,7.611264526158142,62.69549886571163,22.278813768175468,4.194655258485045,1.0646196816409583,0.7052177264943222,0.08752030028625774,0.04928941099153865,0.08388678601444559,0.02638247319098383,0.0594000594000594,0.07962135621710088,0.04060057251546613,0.051343136449519426,0.06208570038357272,0.08230699720061421,0.09225966672775184,3
86,18.302184968851638,23.52022352022352,47.64269764269764,2.4858191524858193,0.07975007975007975,0.0139333472666806,0.006783340116673451,0.00788334121667455,0.011733345066678402,0.027133360466693804,0.006783340116673451,0.0053166719833386495,0.007333340666674,0.003666670333337,0.00935000935000935,0.18736685403352069,0.37546704213370885,7.30657397324064,2
87,27.79684446351113,32.14918214918215,34.46523446523447,1.9251852585185918,0.18736685403352069,0.044000044000043995,0.013383346716680051,0.0143000143000143,0.01008334341667675,0.0572000572000572,0.013750013750013751,0.0124666791333458,0.0157666824333491,0.011733345066678402,0.011733345066678402,0.03465003465003465,0.023466690133356803,3.213653213653214,2
88,0.4568389947451319,0.6303750888588434,3.7996738357749194,39.60856808329732,20.491197747515436,16.557364481552206,13.779567344549292,4.341538547314721,0.1310232357163765,0.028051517221192313,0.008711651310929288,0.013764409071268278,0.02386992459194625,0.01933986591026302,0.016377904464547063,0.04843678128876685,0.02073373012001171,0.024566856696820596,3
89,0.5132904952399537,0.24235813947005283,9.194102560528552,70.10352926417907,13.89839426843037,3.299450817501359,2.164496884713491,0.15001463557420236,0.03449813919127999,0.05505763628507311,0.017249069595639994,0.050179111550952706,0.13050053663772077,0.028051517221192313,0.01846870077917009,0.06342082154356522,0.025786487880350695,0.01115091367798949,3
90,17.21703388370055,23.2001232001232,44.854561521228185,5.551338884672218,0.3672170338837006,0.0854334187667521,0.042166708833375505,0.03190003190003189,0.02365002365002365,0.0619667286333953,0.013383346716680051,0.01191667858334525,0.014666681333348,0.01448334781668115,0.03391670058336725,0.2660169326835993,0.3549336882670216,7.855291188624521,2
91,33.45216575232889,35.36707880101028,19.43224977482726,1.8279932227729945,0.30642387901768,0.11699534538033722,0.052277866307230095,0.04408976676513381,0.019525468138844974,0.23808474053172257,0.05432489119275416,0.02440683517355622,0.01858068742244925,0.010707514785818212,0.010707514785818212,0.05196293940176485,0.06849660193869003,8.903928398218774,2
92,0.07248093890693169,0.13764409071268277,10.008293492048004,72.10773176477147,12.722147108428699,3.6642947744030776,1.0889564138661612,0.04756561615767392,0.01237054486151959,0.01446134117614262,0.0034846605243717154,0.009234350389585045,0.04669445102658099,0.015855205385891306,0.008014719206054946,0.021779128277323225,0.014635574202361208,0.004355825655464644,3
93,20.311101934062908,1.6050274929069064,0.25925161171909056,0.2923272229487386,0.02523688255672563,0.03192848020434227,0.011088933244621867,0.046076429516446034,0.018736473413326606,0.12541965876675765,0.006500409143399026,0.008985859698228064,0.01797171939645613,0.011280121748839488,0.04664999502909889,3.3433133732534928,23.610633139850567,50.22847026254006,1
94,32.6840571730103,3.799297955812513,0.8871146595697493,0.3712880751906149,0.02141311247237326,0.020265981447067552,0.0043973355970052235,0.030016595162166086,0.018927661917544223,0.11796330710227056,0.006118032134963789,0.008603482689792828,0.03403155375073608,0.001911885042176184,0.021030735463938025,1.4253102989423452,15.315346318856541,45.232905835837904,1
95,0.03989936300405614,0.050527577603389884,1.1417490208103924,35.71689920967899,20.84436809166051,15.640550297590007,19.813779741577576,6.540359338193274,0.1261447109822561,0.025089555775476353,0.0027877284194973723,0.009408583415803633,0.011673612756645248,0.006446621970087674,0.003658893550590302,0.012719010913956762,0.0071435540749620165,0.006795088022524846,3
96,18.302184968851638,23.52022352022352,47.64269764269764,2.4858191524858193,0.07975007975007975,0.0139333472666806,0.006783340116673451,0.00788334121667455,0.011733345066678402,0.027133360466693804,0.006783340116673451,0.0053166719833386495,0.007333340666674,0.003666670333337,0.00935000935000935,0.18736685403352069,0.37546704213370885,7.30657397324064,2
97,0.17440725924480438,0.5214794474722273,27.53665862871639,60.00306650126145,7.076125893815425,3.382385737981406,0.9696067909064299,0.062026957333816544,0.019688331962700197,0.028399983273629484,0.01080244762555232,0.03293004195531271,0.03536930432237292,0.01899139985782585,0.018294467752951505,0.04251285839733493,0.04233862537111635,0.024915322749257767,3
98,20.20499231422213,2.0627327720038853,0.46860302383738267,0.46038191815602514,0.03135491469168941,0.03976720887726463,0.01319200679101567,0.07915204074609401,0.05659179724841505,0.10935982441247773,0.012427252774145196,0.01797171939645613,0.02638401358203134,0.02504569405250801,0.07704896719970021,5.911166173400326,24.477099440964814,45.92672891764364,1
99,2.3350270105393274,0.12762780841380308,0.6537915091386327,2.0187669066711615,0.7872388245398576,0.997945112015476,1.640699625143481,3.169624581597515,6.810829901830937,26.839967571298992,48.06832502548542,2.6940303898668336,0.7872388245398576,0.26629261283823374,0.34616032942423003,0.6995448744190528,0.5225515929395333,1.234337499297646,0
100,0.402129824512496,0.08293492048004684,1.6419720390839525,36.51506070278633,23.42458497693155,20.039063044478205,15.275357874635855,2.317647714759628,0.04669445102658099,0.03972512997783756,0.008188952232273531,0.01115091367798949,0.028399983273629484,0.019514098936481608,0.017597535648077166,0.09408583415803633,0.025786487880350695,0.010105515520677975,3
101,12.030727816397857,3.15652220463288,0.5609470713744924,0.3133579584126766,0.043399790457399376,0.04282622494474652,0.008794671194010447,0.06041556733276742,0.04378216746583461,0.13593502649872666,0.019883604438632314,0.03804651233930606,0.12905224034689242,0.33018254678382697,0.5121940027989996,8.82009926507139,42.67002393680073,31.083809392708837,1
102,0.22371520566466416,0.34341329467683257,19.542847385807676,61.042889201733956,13.178289171068956,3.4818727959522184,1.368251954894554,0.14600727597117488,0.08607111495198137,0.09199503784341329,0.053315306022887254,0.06795088022524845,0.19339865910263024,0.04460365471195796,0.03083924564068968,0.06899627838255998,0.014984040254798377,0.020559497093793126,3
103,2.403456385805219,0.7057657267159518,2.2517478588227737,2.3414485354909655,1.1163419783112996,1.3633700162946196,1.7209686870389547,4.702763663801061,5.663785007344619,18.869249725078465,45.48727334023647,7.555927468875671,1.8180942519324776,0.5426188584134017,0.5440235669965725,0.5434215490323565,0.6756648285051492,1.694078551303971,0
104,29.59980422297168,2.336323521539297,0.18640879161217794,0.18162907900673747,0.02867827563264276,0.04645880652488127,0.020839546959720408,0.05525347771889171,0.04760593755018698,0.09062335099915111,0.003823770084352368,0.011088933244621867,0.017398153883803273,0.004014958588569987,0.027913521615772284,1.5774963482995696,17.345959422151868,48.41867988161608,1
105,19.442152775486107,28.021794688461355,42.94917628250961,1.2501512501512502,0.044000044000043995,0.0069666736333403,0.0038500038500038506,0.0069666736333403,0.011366678033344702,0.0388667055333722,0.008800008800008799,0.013016679683346348,0.00788334121667455,0.00715000715000715,0.006600006600006599,0.15418348751682084,0.31826698493365163,7.70880770880771,2
106,28.429081610158285,36.77653416641998,27.09820050766217,2.5899588705461465,0.10770500166911261,0.03007551947193057,0.010550051333085592,0.04991591451624078,0.030232982924663185,0.15084998771785066,0.04408976676513381,0.05889133132200016,0.05952118513293064,0.024249371720823597,0.02251727374076477,0.05054576832717127,0.05542713536188251,4.411653555209836,2
107,32.46017543457147,3.4287746346387684,0.9266906799427964,0.25026575202086254,0.021030735463938025,0.024280940035637535,0.0034413930759171316,0.03728175832243559,0.03441393075917131,0.0996092106973792,0.008029917177139974,0.006882786151834263,0.013956760807886142,0.004206147092787605,0.01778053089223851,1.4270309954803038,15.476518227911992,45.759630164957436,1
108,0.20263300949221524,0.4186819620032617,15.6292251508858,63.134730914514314,14.769907865575737,3.888009980067742,1.5529389626862549,0.07248093890693169,0.031536177745564026,0.03327850800774989,0.01202207880908242,0.03136194471934544,0.06725394812037411,0.02073373012001171,0.018120234726732923,0.05923922891431917,0.04111899418758625,0.016726370516984237,3
109,0.5804144102016443,20.042464723315785,56.879348368710076,19.100910590272292,2.524660503383908,0.4210137188860593,0.13286023924321796,0.0641394258415535,0.038704825938868495,0.07440805313145739,0.010742563934053295,0.016903740307995626,0.01769363471491131,0.003159577627662734,0.010742563934053295,0.01627182478246308,0.030331945225562245,0.035229290548439485,3
110,3.228823014745427,1.7227747409316028,2.923198561578411,3.879403761408241,1.5062489464685627,2.3601110923816635,2.677173886868784,9.61904303224408,7.489906165466644,22.617413570287603,33.878159590948854,3.5974586815003895,1.232932790714475,0.29298207591847875,0.32930382642618056,0.4019473274415842,0.6618184153281801,1.5813005193408305,0
